0	:invoke	:broadcast	0
0	:ok	:broadcast	0
1	:invoke	:broadcast	1
1	:ok	:broadcast	1
2	:invoke	:broadcast	2
2	:ok	:broadcast	2
3	:invoke	:read	nil
3	:ok	:read	[0 1 2]
4	:invoke	:read	nil
4	:ok	:read	[0 1 2]
0	:invoke	:read	nil
0	:ok	:read	[2 0 1]
0	:invoke	:broadcast	3
0	:ok	:broadcast	3
1	:invoke	:broadcast	4
2	:invoke	:broadcast	5
1	:ok	:broadcast	4
2	:ok	:broadcast	5
3	:invoke	:read	nil
3	:ok	:read	[0 1 2 3 4 5]
4	:invoke	:broadcast	6
4	:ok	:broadcast	6
0	:invoke	:read	nil
0	:ok	:read	[4 5 6 0 1 2 3]
0	:invoke	:broadcast	7
0	:ok	:broadcast	7
1	:invoke	:broadcast	8
1	:ok	:broadcast	8
2	:invoke	:broadcast	9
2	:ok	:broadcast	9
3	:invoke	:read	nil
3	:ok	:read	[5 7 8 0 1 3 9 2 4 6]
4	:invoke	:read	nil
4	:ok	:read	[4 6 7 9 0 1 2 3 5 8]
0	:invoke	:broadcast	10
0	:ok	:broadcast	10
0	:invoke	:broadcast	11
0	:ok	:broadcast	11
1	:invoke	:broadcast	12
2	:invoke	:read	nil
1	:ok	:broadcast	12
2	:ok	:read	[6 9 1 2 5 4 7 8 10 11 0 3]
3	:invoke	:read	nil
3	:ok	:read	[3 7 8 0 4 9 10 2 5 12 1 11 6]
4	:invoke	:read	nil
4	:ok	:read	[4 6 9 10 5 11 12 7 0 1 2 3 8]
0	:invoke	:broadcast	13
0	:ok	:broadcast	13
0	:invoke	:read	nil
0	:ok	:read	[1 9 10 11 13 2 3 6 0 4 7 8 5 12]
1	:invoke	:broadcast	14
1	:ok	:broadcast	14
2	:invoke	:broadcast	15
2	:ok	:broadcast	15
3	:invoke	:broadcast	16
3	:ok	:broadcast	16
4	:invoke	:read	nil
4	:ok	:read	[1 2 3 8 13 0 6 9 10 4 11 12 15 16 5 14 7]
0	:invoke	:read	nil
0	:ok	:read	[2 3 6 15 0 4 7 8 5 12 14 16 1 9 10 11 13]
0	:invoke	:read	nil
0	:ok	:read	[5 12 16 1 9 10 11 13 14 2 3 6 15 0 4 7 8]
1	:invoke	:broadcast	17
1	:ok	:broadcast	17
2	:invoke	:broadcast	18
2	:ok	:broadcast	18
3	:invoke	:read	nil
3	:ok	:read	[2 4 9 10 13 14 1 5 12 15 18 6 11 16 0 3 7 8 17]
4	:invoke	:broadcast	19
4	:ok	:broadcast	19
0	:invoke	:broadcast	20
0	:ok	:broadcast	20
0	:invoke	:broadcast	21
0	:ok	:broadcast	21
1	:invoke	:read	nil
1	:ok	:read	[16 1 4 5 15 17 21 2 9 12 14 13 0 3 6 11 19 20 7 8 10 18]
2	:invoke	:broadcast	22
2	:ok	:broadcast	22
3	:invoke	:read	nil
3	:ok	:read	[7 8 17 22 0 3 9 10 13 14 2 4 12 15 18 19 20 1 5 16 21 6 11]
4	:invoke	:read	nil
4	:ok	:read	[9 10 17 18 21 22 4 6 12 15 16 5 11 20 7 14 2 3 8 13 19 0 1]
0	:invoke	:read	nil
0	:ok	:read	[6 15 2 3 7 8 18 20 0 4 5 12 10 11 13 14 16 17 1 9 22 19 21]
0	:invoke	:broadcast	23
0	:ok	:broadcast	23
1	:invoke	:broadcast	24
2	:invoke	:broadcast	25
2	:ok	:broadcast	25
1	:ok	:broadcast	24
3	:invoke	:broadcast	26
3	:ok	:broadcast	26
4	:invoke	:read	nil
4	:ok	:read	[7 14 0 8 19 10 18 21 22 5 11 12 15 26 20 23 1 2 3 13 24 25 4 6 9 17 16]
0	:invoke	:broadcast	27
0	:ok	:broadcast	27
0	:invoke	:read	nil
0	:ok	:read	[7 18 20 23 4 24 5 19 21 22 10 6 15 26 3 8 0 12 9 11 13 14 16 17 25 1 27 2]
1	:invoke	:broadcast	28
1	:ok	:broadcast	28
2	:invoke	:broadcast	29
2	:ok	:broadcast	29
3	:invoke	:broadcast	30
3	:ok	:broadcast	30
4	:invoke	:read	nil
4	:ok	:read	[1 2 3 13 24 25 28 29 4 6 9 17 16 7 14 0 8 19 10 18 21 22 27 30 5 11 12 15 26 20 23]
0	:invoke	:read	nil
0	:ok	:read	[3 6 15 26 0 8 12 30 25 1 9 11 13 14 16 17 27 2 29 4 7 18 20 23 28 5 24 10 19 21 22]
0	:invoke	:broadcast	31
0	:ok	:broadcast	31
1	:invoke	:broadcast	32
1	:ok	:broadcast	32
2	:invoke	:broadcast	33
3	:invoke	:read	nil
2	:ok	:broadcast	33
3	:ok	:read	[3 8 27 9 13 15 20 28 29 31 32 16 21 23 0 7 17 22 24 2 4 10 14 30 1 5 12 18 19 26 6 11 25]
4	:invoke	:read	nil
4	:ok	:read	[14 7 8 19 32 33 0 18 21 22 27 30 10 11 12 15 26 31 5 23 20 2 3 13 24 25 28 29 1 6 9 17 4 16]
0	:invoke	:broadcast	34
0	:ok	:broadcast	34
0	:invoke	:read	nil
0	:ok	:read	[4 7 18 20 23 28 5 24 31 33 10 19 21 22 3 6 15 26 0 8 12 30 34 17 25 1 9 11 13 14 16 27 32 2 29]
1	:invoke	:read	nil
1	:ok	:read	[0 24 10 25 29 4 5 16 30 9 28 34 22 32 3 6 11 13 20 26 33 7 8 18 19 1 15 23 21 27 31 2 12 14 17]
2	:invoke	:read	nil
2	:ok	:read	[31 3 16 13 22 24 27 0 10 20 29 34 9 14 26 32 33 7 11 19 15 21 25 28 1 2 6 12 17 18 23 30 5 4 8]
3	:invoke	:read	nil
3	:ok	:read	[34 0 7 17 22 24 2 4 10 14 30 26 1 5 12 18 19 6 11 25 3 8 27 9 13 32 15 20 28 29 31 16 21 23 33]
4	:invoke	:read	nil
4	:ok	:read	[7 14 33 0 8 19 32 27 30 34 10 18 21 22 26 31 5 11 12 15 20 23 24 25 28 29 1 2 3 13 4 6 9 17 16]
0	:invoke	:broadcast	35
0	:ok	:broadcast	35
0	:invoke	:read	nil
0	:ok	:read	[1 9 11 13 14 16 17 25 27 32 2 29 4 7 18 20 23 28 5 24 31 33 10 19 21 22 3 6 15 26 0 8 35 12 30 34]
1	:invoke	:broadcast	36
1	:ok	:broadcast	36
2	:invoke	:read	nil
2	:ok	:read	[3 16 24 13 22 20 27 0 10 26 29 34 9 14 19 32 33 36 7 11 6 15 21 25 28 35 1 2 8 12 17 18 23 30 5 4 31]
3	:invoke	:read	nil
3	:ok	:read	[6 11 25 3 8 27 9 13 32 35 36 15 20 28 29 31 16 21 23 33 34 0 7 17 22 24 2 4 10 14 30 26 1 5 12 18 19]
4	:invoke	:broadcast	37
4	:ok	:broadcast	37
0	:invoke	:broadcast	38
0	:ok	:broadcast	38
0	:invoke	:broadcast	39
0	:ok	:broadcast	39
1	:invoke	:broadcast	40
1	:ok	:broadcast	40
2	:invoke	:broadcast	41
2	:ok	:broadcast	41
3	:invoke	:broadcast	42
3	:ok	:broadcast	42
4	:invoke	:broadcast	43
4	:ok	:broadcast	43
0	:invoke	:broadcast	44
0	:ok	:broadcast	44
0	:invoke	:read	nil
0	:ok	:read	[33 5 24 31 22 41 43 10 19 21 26 3 6 15 42 0 8 35 38 44 12 30 34 13 14 16 17 25 1 9 11 40 27 32 39 2 29 37 20 23 28 36 4 7 18]
1	:invoke	:read	nil
1	:ok	:read	[1 15 23 39 43 27 31 35 2 12 14 17 21 41 0 24 36 10 25 29 38 4 5 16 30 40 9 28 34 37 42 32 3 6 11 13 22 26 33 44 7 8 18 19 20]
2	:invoke	:read	nil
2	:ok	:read	[19 32 33 36 41 7 11 6 15 21 25 28 35 1 2 8 12 17 18 23 30 5 4 31 38 44 3 16 24 40 43 13 22 20 27 0 10 26 29 34 37 39 42 9 14]
3	:invoke	:read	nil
3	:ok	:read	[40 41 6 11 25 43 3 8 27 44 9 13 42 29 31 32 35 36 15 20 28 33 38 39 16 21 23 22 24 34 37 0 7 17 14 30 2 4 10 18 19 26 1 5 12]
4	:invoke	:broadcast	45
4	:ok	:broadcast	45
0	:invoke	:broadcast	46
0	:ok	:broadcast	46
0	:invoke	:broadcast	47
0	:ok	:broadcast	47
1	:invoke	:broadcast	48
1	:ok	:broadcast	48
2	:invoke	:read	nil
2	:ok	:read	[8 12 23 30 48 3 16 44 13 22 46 0 27 26 29 39 42 45 32 36 41 6 15 21 5 4 17 18 47 31 38 24 40 43 10 20 9 14 34 37 7 11 19 33 1 2 25 28 35]
3	:invoke	:read	nil
3	:ok	:read	[2 4 14 30 1 5 11 25 40 41 45 27 9 13 46 20 28 29 31 16 21 39 17 10 12 18 19 26 6 3 8 43 47 48 42 44 15 32 35 36 23 33 38 0 7 22 24 34 37]
4	:invoke	:broadcast	49
4	:ok	:broadcast	49
0	:invoke	:read	nil
0	:ok	:read	[26 3 6 15 0 8 49 12 13 14 16 1 9 11 40 27 23 4 7 20 5 24 46 47 19 21 22 35 42 38 44 30 34 17 25 45 32 39 2 29 37 18 28 36 31 33 48 10 41 43]
0	:invoke	:read	nil
0	:ok	:read	[4 7 20 23 5 24 19 21 22 46 47 35 42 30 34 38 44 17 25 32 39 45 2 29 37 18 28 36 31 33 48 10 41 43 3 6 15 26 0 8 49 12 1 9 11 13 14 16 27 40]
1	:invoke	:broadcast	50
1	:ok	:broadcast	50
2	:invoke	:broadcast	51
2	:ok	:broadcast	51
3	:invoke	:broadcast	52
3	:ok	:broadcast	52
4	:invoke	:broadcast	53
4	:ok	:broadcast	53
0	:invoke	:broadcast	54
0	:ok	:broadcast	54
0	:invoke	:read	nil
0	:ok	:read	[49 0 8 12 11 13 14 16 27 40 1 9 20 23 4 7 5 24 22 46 47 19 21 35 42 38 44 50 54 30 34 32 39 45 17 25 37 51 53 2 29 36 18 28 48 31 33 43 52 10 41 15 26 3 6]
1	:invoke	:read	nil
1	:ok	:read	[20 47 49 15 23 41 46 2 21 27 31 0 24 10 25 38 51 4 5 16 30 9 28 42 6 11 32 26 33 44 7 8 18 19 1 39 43 52 12 14 17 35 36 45 48 29 50 40 54 34 37 53 3 13 22]
2	:invoke	:broadcast	55
2	:ok	:broadcast	55
3	:invoke	:broadcast	56
3	:ok	:broadcast	56
4	:invoke	:broadcast	57
4	:ok	:broadcast	57
0	:invoke	:read	nil
0	:ok	:read	[19 21 22 46 47 35 42 54 30 34 38 44 50 17 25 32 39 45 2 29 37 51 53 18 28 36 31 33 48 10 41 43 52 55 3 6 15 26 56 0 8 49 12 16 27 40 1 9 11 13 14 57 4 7 20 23 5 24]
0	:invoke	:broadcast	58
0	:ok	:broadcast	58
1	:invoke	:read	nil
1	:ok	:read	[9 28 42 58 6 11 32 44 7 8 18 19 26 33 1 39 43 52 12 14 17 35 56 36 45 48 55 29 50 40 54 34 37 53 3 13 22 20 47 49 15 23 2 21 27 31 41 46 0 24 10 25 38 51 57 4 5 16 30]
2	:invoke	:broadcast	59
2	:ok	:broadcast	59
3	:invoke	:broadcast	60
3	:ok	:broadcast	60
4	:invoke	:read	nil
4	:ok	:read	[54 28 39 43 53 46 4 6 35 40 16 44 48 7 57 59 19 36 21 34 56 5 12 26 60 20 23 51 24 25 29 41 1 2 3 13 42 47 9 17 49 37 38 45 55 14 50 52 0 8 32 33 30 58 10 18 22 27 11 15 31]
0	:invoke	:broadcast	61
0	:ok	:broadcast	61
0	:invoke	:broadcast	62
0	:ok	:broadcast	62
1	:invoke	:broadcast	63
1	:ok	:broadcast	63
2	:invoke	:read	nil
3	:invoke	:read	nil
2	:ok	:read	[10 20 54 9 14 34 37 57 7 11 19 33 35 52 1 2 25 28 48 58 8 12 23 30 56 3 16 44 50 13 22 46 0 27 45 26 29 39 42 62 63 32 36 41 61 60 6 15 21 59 47 49 5 4 17 18 31 53 55 38 24 40 43 51]
3	:ok	:read	[16 21 39 54 55 56 17 61 62 10 60 12 18 19 26 6 3 8 43 47 48 42 44 58 59 15 32 35 36 49 52 23 33 38 0 7 22 24 34 37 2 4 14 30 51 1 5 63 11 25 40 41 45 50 27 9 13 46 53 20 28 29 31 57]
4	:invoke	:read	nil
4	:ok	:read	[38 45 55 61 37 50 14 8 32 33 52 0 18 22 27 30 58 62 10 15 31 11 39 43 53 54 28 6 35 40 46 4 44 48 16 57 59 7 36 19 34 56 21 12 26 60 5 23 51 20 2 3 13 24 25 29 41 1 47 42 17 49 63 9]
0	:invoke	:read	nil
0	:ok	:read	[35 42 44 50 54 30 34 38 39 45 17 25 32 51 53 2 29 37 18 28 36 60 31 33 48 52 55 59 61 10 41 43 26 56 3 6 15 0 8 49 12 58 13 14 16 27 40 1 9 11 57 23 62 4 7 20 5 24 46 47 19 21 22 63]
0	:invoke	:broadcast	64
0	:ok	:broadcast	64
1	:invoke	:read	nil
1	:ok	:read	[4 5 16 30 9 28 42 58 6 11 32 7 8 18 19 26 33 44 60 1 39 43 52 12 14 17 35 56 36 45 48 55 29 50 40 54 62 34 37 53 3 13 22 61 64 20 47 49 15 23 2 21 27 31 41 46 63 0 24 59 10 25 38 51 57]
2	:invoke	:read	nil
2	:ok	:read	[48 58 8 12 23 30 64 56 3 16 44 50 13 22 46 0 27 45 26 29 39 42 62 63 32 36 41 61 60 6 15 21 59 47 49 5 4 17 18 31 53 55 38 24 40 43 51 10 20 54 9 14 34 37 57 7 11 19 33 35 52 1 2 25 28]
3	:invoke	:broadcast	65
3	:ok	:broadcast	65
4	:invoke	:read	nil
4	:ok	:read	[20 23 51 29 41 1 2 3 13 24 25 42 47 9 17 49 63 37 38 45 55 61 14 50 0 8 32 33 52 62 10 18 22 27 30 58 11 15 31 64 28 39 43 53 54 4 6 35 40 46 65 16 44 48 7 57 59 19 36 21 34 56 5 12 26 60]
0	:invoke	:broadcast	66
0	:ok	:broadcast	66
0	:invoke	:read	nil
0	:ok	:read	[0 8 49 12 58 13 14 16 27 40 1 9 11 66 57 23 62 4 7 20 5 24 46 47 19 21 22 63 35 42 44 50 54 30 34 38 39 45 17 25 32 51 53 2 29 37 18 28 36 60 65 31 33 48 52 55 59 61 64 10 41 43 26 56 3 6 15]
1	:invoke	:broadcast	67
1	:ok	:broadcast	67
2	:invoke	:broadcast	68
2	:ok	:broadcast	68
3	:invoke	:broadcast	69
3	:ok	:broadcast	69
4	:invoke	:broadcast	70
4	:ok	:broadcast	70
0	:invoke	:read	nil
0	:ok	:read	[13 14 16 27 40 1 9 11 66 70 57 23 62 67 4 7 20 5 24 46 47 19 21 22 63 35 42 44 50 54 30 34 38 39 45 17 25 32 51 53 2 29 37 18 28 36 60 65 68 31 33 48 52 55 59 61 64 10 41 43 69 26 56 3 6 15 0 8 49 12 58]
0	:invoke	:broadcast	71
0	:ok	:broadcast	71
1	:invoke	:read	nil
1	:ok	:read	[15 23 67 63 65 2 21 27 31 41 46 0 24 59 10 25 38 51 57 4 5 16 30 9 28 42 58 6 11 32 44 60 7 8 18 19 26 33 70 1 39 43 52 12 14 17 35 56 36 45 48 55 29 50 40 54 62 69 34 37 53 3 13 22 61 64 71 20 47 49 66 68]
2	:invoke	:read	nil
2	:ok	:read	[31 53 55 66 38 24 40 43 51 70 10 20 54 71 9 14 34 37 7 11 19 33 57 1 2 25 28 35 52 65 8 12 23 30 48 58 64 3 16 44 50 56 67 13 22 46 68 69 0 27 26 29 39 42 45 32 36 41 61 62 63 6 15 21 59 60 5 4 17 18 47 49]
3	:invoke	:broadcast	72
3	:ok	:broadcast	72
4	:invoke	:broadcast	73
4	:ok	:broadcast	73
0	:invoke	:broadcast	74
0	:ok	:broadcast	74
0	:invoke	:read	nil
0	:ok	:read	[49 0 8 12 58 11 13 14 16 27 40 1 9 73 66 70 57 20 23 62 67 71 4 7 5 24 22 46 47 19 21 63 35 42 38 44 50 54 30 34 32 39 45 72 17 25 37 51 53 74 2 29 36 18 28 48 60 65 68 31 33 43 52 55 59 61 64 10 41 69 15 26 56 3 6]
1	:invoke	:broadcast	75
1	:ok	:broadcast	75
2	:invoke	:broadcast	76
2	:ok	:broadcast	76
3	:invoke	:read	nil
3	:ok	:read	[66 71 27 13 46 53 73 76 9 28 29 31 57 74 20 21 39 54 55 56 68 16 61 62 17 60 70 75 10 18 19 26 12 6 8 43 47 48 3 44 67 42 32 35 36 49 52 58 59 15 69 33 38 65 72 23 7 22 24 34 37 0 4 14 30 51 64 2 5 1 25 40 41 45 50 63 11]
4	:invoke	:broadcast	77
4	:ok	:broadcast	77
0	:invoke	:broadcast	78
0	:ok	:broadcast	78
0	:invoke	:read	nil
0	:ok	:read	[57 62 67 71 4 7 20 23 5 24 47 19 21 22 46 63 35 42 50 54 77 78 30 34 38 44 45 72 17 25 32 39 53 74 2 29 37 51 18 28 36 65 68 31 33 48 60 55 59 61 64 10 41 43 52 69 56 3 6 15 26 0 8 49 12 58 75 76 14 16 27 40 1 9 11 13 66 70 73]
1	:invoke	:read	nil
1	:ok	:read	[50 29 54 62 69 78 40 37 53 76 34 13 22 61 64 71 3 47 49 66 68 74 20 23 67 15 21 27 31 41 46 63 65 2 24 59 0 25 38 51 57 72 10 5 16 30 75 4 28 42 58 9 11 32 6 8 18 19 26 33 44 60 7 73 70 39 43 52 1 14 17 35 56 77 12 45 48 55 36]
2	:invoke	:read	nil
2	:ok	:read	[27 72 0 29 39 42 45 26 36 41 61 62 63 32 15 21 59 60 75 6 4 17 18 47 49 5 53 55 66 77 31 38 40 43 51 70 24 20 54 71 76 10 14 34 37 73 9 11 19 33 57 7 2 25 28 35 52 65 1 12 23 30 48 58 8 74 64 16 44 50 56 67 78 3 22 46 68 69 13]
3	:invoke	:broadcast	79
3	:ok	:broadcast	79
4	:invoke	:broadcast	80
4	:ok	:broadcast	80
0	:invoke	:read	nil
0	:ok	:read	[68 31 33 48 60 65 59 61 64 10 41 43 52 55 69 3 6 15 26 56 0 8 49 80 12 58 75 76 16 27 40 1 9 11 13 14 66 70 73 57 67 71 4 7 20 23 62 5 24 19 21 22 46 47 63 35 42 54 77 78 30 34 38 44 50 72 17 25 32 39 45 74 2 29 37 51 53 18 28 36 79]
0	:invoke	:read	nil
0	:ok	:read	[0 8 49 80 12 58 75 76 27 40 1 9 11 13 14 16 66 70 73 57 71 4 7 20 23 62 67 5 24 19 21 22 46 47 63 35 42 77 78 30 34 38 44 50 54 17 25 32 39 45 72 2 29 37 51 53 74 18 28 36 79 31 33 48 60 65 68 61 64 10 41 43 52 55 59 69 3 6 15 26 56]
1	:invoke	:read	nil
1	:ok	:read	[60 7 8 18 19 26 33 44 70 73 1 39 43 52 80 12 14 17 35 56 77 36 45 48 55 29 50 40 54 62 69 78 34 37 53 76 3 13 22 61 64 71 20 47 49 66 68 74 79 15 23 67 65 2 21 27 31 41 46 63 0 24 59 10 25 38 51 57 72 4 5 16 30 75 9 28 42 58 6 11 32]
2	:invoke	:read	nil
2	:ok	:read	[19 33 57 7 11 25 28 35 52 65 1 2 23 30 48 58 8 12 64 74 44 50 56 67 78 3 16 46 68 69 13 22 72 0 27 39 42 45 26 29 41 61 62 63 79 32 36 21 59 60 75 6 15 17 18 47 49 5 4 55 66 77 31 53 38 43 51 70 80 24 40 54 71 76 10 20 34 37 73 9 14]
3	:invoke	:broadcast	81
3	:ok	:broadcast	81
4	:invoke	:read	nil
4	:ok	:read	[5 12 26 60 20 23 51 41 1 2 3 13 24 25 29 42 47 67 78 9 17 49 63 80 37 38 45 55 61 68 74 14 50 0 8 32 33 52 71 73 77 10 18 22 27 30 58 62 11 15 31 64 66 75 28 39 43 53 54 76 4 6 35 40 46 65 16 44 48 69 72 81 7 57 59 79 19 36 70 21 34 56]
0	:invoke	:read	nil
0	:ok	:read	[44 50 54 77 78 30 34 38 39 45 72 17 25 32 51 53 74 2 29 37 79 18 28 36 60 65 68 81 31 33 48 52 55 59 61 64 10 41 43 69 26 56 3 6 15 80 0 8 49 76 12 58 75 13 14 16 27 40 1 9 11 66 70 73 57 23 62 67 71 4 7 20 5 24 46 47 19 21 22 63 35 42]
0	:invoke	:broadcast	82
0	:ok	:broadcast	82
1	:invoke	:read	nil
1	:ok	:read	[36 45 48 55 29 50 82 40 54 62 69 78 34 37 53 76 71 3 13 22 61 64 74 79 20 47 49 66 68 15 23 67 46 63 65 2 21 27 31 41 0 24 59 81 72 10 25 38 51 57 4 5 16 30 75 9 28 42 58 6 11 32 33 44 60 7 8 18 19 26 70 73 1 39 43 52 80 77 12 14 17 35 56]
2	:invoke	:broadcast	83
2	:ok	:broadcast	83
3	:invoke	:broadcast	84
3	:ok	:broadcast	84
4	:invoke	:read	nil
4	:ok	:read	[11 15 31 64 84 66 75 76 28 39 43 53 54 65 4 6 35 40 46 81 16 44 48 69 72 7 57 59 79 82 19 36 70 21 34 56 5 12 26 60 20 23 51 25 29 41 1 2 3 13 24 42 47 67 78 9 17 49 63 68 74 80 37 38 45 55 61 14 50 83 71 73 0 8 32 33 52 58 62 77 10 18 22 27 30]
0	:invoke	:broadcast	85
0	:ok	:broadcast	85
0	:invoke	:read	nil
0	:ok	:read	[85 57 7 20 23 62 67 71 4 24 5 21 22 46 47 19 63 42 35 34 38 44 50 54 77 78 30 83 25 32 39 45 72 17 29 37 51 53 74 2 28 36 79 18 33 48 60 65 68 81 31 41 43 52 55 59 61 64 10 84 69 6 15 26 56 3 8 49 80 0 58 75 76 82 12 9 11 13 14 16 27 40 1 70 73 66]
1	:invoke	:read	nil
1	:ok	:read	[4 5 16 30 75 83 9 28 42 58 6 11 32 60 7 8 18 19 26 33 44 70 73 85 1 39 43 52 80 12 14 17 35 56 77 36 45 48 55 29 50 82 40 54 62 69 78 34 37 53 76 3 13 22 61 64 71 20 47 49 66 68 74 79 15 23 67 65 2 21 27 31 41 46 63 0 24 59 81 84 10 25 38 51 57 72]
2	:invoke	:broadcast	86
2	:ok	:broadcast	86
3	:invoke	:read	nil
3	:ok	:read	[50 63 11 25 40 41 45 27 66 71 76 9 13 46 53 73 74 78 20 28 29 31 57 56 68 16 21 39 54 55 82 17 61 62 79 81 10 60 70 75 12 18 19 26 84 6 3 8 43 47 48 42 44 67 86 52 58 59 15 32 35 36 49 69 23 33 38 65 72 37 80 0 7 22 24 34 64 85 2 4 14 30 51 1 5 77 83]
4	:invoke	:broadcast	87
4	:ok	:broadcast	87
0	:invoke	:read	nil
0	:ok	:read	[19 21 22 46 47 63 86 35 42 54 77 78 30 34 38 44 50 83 72 17 25 32 39 45 74 2 29 37 51 53 18 28 36 79 68 81 31 33 48 60 65 59 61 64 10 41 43 52 55 69 84 3 6 15 26 56 0 8 49 80 12 58 75 76 82 16 27 40 1 9 11 13 14 66 70 73 57 85 67 71 4 7 20 23 62 5 24 87]
0	:invoke	:read	nil
0	:ok	:read	[39 45 72 17 25 32 51 53 74 2 29 37 79 18 28 36 60 65 68 81 31 33 48 52 55 59 61 64 10 41 43 69 84 26 56 3 6 15 80 0 8 49 76 82 12 58 75 13 14 16 27 40 1 9 11 66 70 73 57 85 23 62 67 71 4 7 20 5 24 87 46 47 19 21 22 63 86 35 42 44 50 54 77 78 30 34 38 83]
1	:invoke	:read	nil
1	:ok	:read	[0 24 59 81 84 87 10 25 38 51 57 72 4 5 16 30 75 83 9 28 42 58 6 11 32 60 7 8 18 19 26 33 44 70 73 85 1 39 43 52 80 12 14 17 35 56 77 36 45 48 55 29 50 82 86 40 54 62 69 78 34 37 53 76 3 13 22 61 64 71 20 47 49 66 68 74 79 15 23 67 65 2 21 27 31 41 46 63]
2	:invoke	:read	nil
2	:ok	:read	[35 52 65 85 1 2 25 28 48 58 82 8 12 23 30 64 74 56 67 78 84 3 16 44 50 69 13 22 46 68 0 27 72 45 26 29 39 42 62 63 79 32 36 41 61 60 75 83 6 15 21 59 47 49 87 5 4 17 18 77 31 53 55 66 38 70 80 24 40 43 51 76 81 10 20 54 71 73 86 9 14 34 37 57 7 11 19 33]
3	:invoke	:broadcast	88
3	:ok	:broadcast	88
4	:invoke	:broadcast	89
4	:ok	:broadcast	89
0	:invoke	:broadcast	90
0	:ok	:broadcast	90
0	:invoke	:read	nil
0	:ok	:read	[43 52 55 59 61 64 10 41 69 84 15 26 56 3 6 49 80 0 8 75 76 82 12 58 11 13 14 16 27 40 1 9 73 90 66 70 89 57 85 20 23 62 67 71 4 7 87 88 5 24 22 46 47 19 21 63 86 35 42 38 44 50 54 77 78 30 34 83 32 39 45 72 17 25 37 51 53 74 2 29 36 79 18 28 48 60 65 68 81 31 33]
1	:invoke	:read	nil
1	:ok	:read	[78 40 54 62 69 34 37 53 76 64 71 3 13 22 61 68 74 79 20 47 49 66 15 23 67 41 46 63 65 2 21 27 31 84 87 0 24 59 81 57 72 10 25 38 51 75 83 4 5 16 30 90 9 28 42 58 6 11 32 89 26 33 44 60 7 8 18 19 70 73 85 80 88 1 39 43 52 56 77 12 14 17 35 36 45 48 55 29 50 82 86]
2	:invoke	:read	nil
2	:ok	:read	[3 16 44 50 56 67 78 84 13 22 46 68 69 0 27 72 26 29 39 42 45 32 36 41 61 62 63 79 6 15 21 59 60 75 83 5 4 17 18 47 49 87 31 53 55 66 77 38 89 24 40 43 51 70 80 10 20 54 71 76 81 88 9 14 34 37 73 86 7 11 19 33 57 1 2 25 28 35 52 65 85 8 12 23 30 48 58 82 90 64 74]
3	:invoke	:read	nil
3	:ok	:read	[89 90 17 61 62 79 81 82 10 60 70 75 12 18 19 26 84 6 3 8 43 47 48 88 42 44 67 86 58 59 15 32 35 36 49 52 69 87 23 33 38 65 72 80 0 7 22 24 34 37 85 2 4 14 30 51 64 1 5 77 83 63 11 25 40 41 45 50 27 66 71 9 13 46 53 73 76 78 20 28 29 31 57 74 68 16 21 39 54 55 56]
4	:invoke	:broadcast	91
4	:ok	:broadcast	91
0	:invoke	:broadcast	92
0	:ok	:broadcast	92
0	:invoke	:broadcast	93
0	:ok	:broadcast	93
1	:invoke	:broadcast	94
1	:ok	:broadcast	94
2	:invoke	:read	nil
2	:ok	:read	[64 74 50 56 67 78 84 3 16 44 68 69 92 93 13 22 46 0 27 72 42 45 26 29 39 61 62 63 79 32 36 41 59 60 75 83 94 6 15 21 18 47 49 87 5 4 17 66 77 31 53 55 38 89 51 70 80 24 40 43 71 76 81 88 10 20 54 37 73 86 91 9 14 34 33 57 7 11 19 28 35 52 65 85 1 2 25 30 48 58 82 90 8 12 23]
3	:invoke	:read	nil
3	:ok	:read	[27 66 71 76 94 9 13 46 53 73 74 78 20 28 29 31 57 56 68 93 16 21 39 54 55 82 89 90 17 61 62 79 81 10 60 70 75 91 12 18 19 26 84 6 92 88 3 8 43 47 48 42 44 67 86 52 58 59 15 32 35 36 49 69 87 23 33 38 65 72 37 80 0 7 22 24 34 64 85 2 4 14 30 51 1 5 77 83 50 63 11 25 40 41 45]
4	:invoke	:broadcast	95
4	:ok	:broadcast	95
0	:invoke	:read	nil
0	:ok	:read	[59 61 64 10 41 43 52 55 69 84 93 3 6 15 26 56 0 8 49 80 12 58 75 76 82 16 27 40 1 9 11 13 14 66 70 73 90 57 85 89 67 71 4 7 20 23 62 5 24 87 88 92 19 21 22 46 47 63 86 35 42 91 94 54 77 78 30 34 38 44 50 83 95 72 17 25 32 39 45 74 2 29 37 51 53 18 28 36 79 68 81 31 33 48 60 65]
0	:invoke	:broadcast	96
0	:ok	:broadcast	96
1	:invoke	:broadcast	97
1	:ok	:broadcast	97
2	:invoke	:read	nil
2	:ok	:read	[64 16 56 67 95 13 22 69 92 27 72 42 36 61 62 63 21 59 83 94 5 4 49 87 55 77 38 96 51 70 80 76 14 37 11 1 28 85 8 48 74 3 44 50 78 84 46 68 93 0 26 29 39 45 32 41 79 6 15 60 75 17 18 47 31 53 66 89 24 40 43 10 20 54 71 81 88 9 34 73 86 91 7 19 33 57 97 2 25 35 52 65 12 23 30 58 82 90]
3	:invoke	:read	nil
3	:ok	:read	[2 4 14 77 83 11 25 27 66 76 9 53 73 29 31 57 56 68 93 39 54 82 89 90 17 61 10 60 19 26 84 97 6 92 3 8 43 47 48 42 67 52 15 32 35 36 49 69 87 23 65 72 80 22 64 85 30 51 1 5 50 63 40 41 45 71 94 13 46 20 28 74 78 96 16 21 55 62 79 81 70 75 12 18 91 88 44 86 95 58 59 33 38 37 0 7 24 34]
4	:invoke	:broadcast	98
4	:ok	:broadcast	98
0	:invoke	:read	nil
0	:ok	:read	[49 80 75 27 1 11 13 16 66 73 90 57 85 4 7 20 23 62 5 88 92 21 22 63 86 42 78 30 34 50 54 83 17 25 39 45 2 29 51 74 18 28 36 33 48 60 68 64 41 43 52 55 69 84 15 56 0 8 97 12 58 76 82 40 9 14 70 89 96 67 71 98 24 87 19 46 47 35 91 94 77 38 44 95 32 72 37 53 79 81 31 65 61 10 59 93 3 6 26]
0	:invoke	:read	nil
0	:ok	:read	[21 22 63 86 42 50 54 78 30 34 83 39 45 17 25 51 74 2 29 36 18 28 48 60 68 33 43 52 55 64 41 69 84 15 56 97 0 8 76 82 12 58 14 40 9 70 89 96 98 67 71 24 87 47 19 46 91 94 35 38 44 77 95 32 72 37 53 79 65 81 31 59 61 10 93 26 3 6 49 80 75 11 13 16 27 1 73 90 66 57 85 20 23 62 4 7 92 5 88]
1	:invoke	:read	nil
1	:ok	:read	[5 16 75 9 28 42 58 6 89 19 44 70 1 43 52 80 17 56 77 36 45 48 86 91 62 78 95 34 53 3 64 66 68 67 21 31 41 46 98 0 24 81 84 10 38 51 57 4 30 83 92 90 93 11 32 94 60 7 8 18 26 33 73 85 39 88 97 12 14 35 55 29 50 82 40 54 69 37 76 13 22 61 71 96 20 47 49 74 79 15 23 2 27 63 65 59 87 25 72]
2	:invoke	:broadcast	99
2	:ok	:broadcast	99
3	:invoke	:broadcast	100
3	:ok	:broadcast	100
4	:invoke	:broadcast	101
4	:ok	:broadcast	101
0	:invoke	:read	nil
0	:ok	:read	[6 26 3 80 49 75 11 13 16 27 1 73 90 66 85 57 7 20 23 62 4 88 92 5 22 21 86 100 63 42 34 50 54 78 83 30 25 39 45 17 29 51 74 2 28 36 18 33 48 60 68 41 43 52 55 64 84 69 15 56 8 97 99 101 0 58 76 82 12 9 14 40 70 96 89 71 98 67 87 24 46 47 19 91 94 35 44 77 95 38 32 72 37 53 79 65 81 31 59 61 10 93]
0	:invoke	:read	nil
0	:ok	:read	[35 91 94 38 44 77 95 72 32 37 53 79 81 31 65 59 61 10 93 3 6 26 49 80 75 16 27 1 11 13 66 73 90 57 85 4 7 20 23 62 5 88 92 21 22 63 86 100 42 83 30 34 50 54 78 17 25 39 45 74 2 29 51 18 28 36 68 33 48 60 64 41 43 52 55 69 84 15 56 0 8 97 99 101 12 58 76 82 40 9 14 70 89 96 67 71 98 24 87 19 46 47]
1	:invoke	:broadcast	102
1	:ok	:broadcast	102
2	:invoke	:broadcast	103
2	:ok	:broadcast	103
3	:invoke	:broadcast	104
3	:ok	:broadcast	104
4	:invoke	:read	nil
0	:invoke	:read	nil
3	:invoke	:read	nil
2	:invoke	:read	nil
1	:invoke	:read	nil
4	:ok	:read	[55 61 74 38 96 87 71 0 27 64 84 88 97 11 94 43 53 76 28 65 35 72 91 86 92 102 82 99 95 34 56 101 21 12 26 60 5 23 51 20 67 78 25 17 63 90 100 9 45 68 80 37 50 83 14 32 33 52 73 8 18 22 30 58 62 77 98 10 31 85 15 75 103 66 54 39 6 40 46 4 44 48 69 81 16 57 59 79 89 7 36 70 19 93 104 2 3 13 24 29 41 42 1 47 49]
0	:ok	:read	[35 91 94 38 44 77 95 32 72 37 53 79 31 65 81 103 10 59 61 93 3 6 26 102 49 80 75 104 1 11 13 16 27 66 73 90 57 85 4 7 20 23 62 5 88 92 21 22 63 86 100 42 30 34 50 54 78 83 17 25 39 45 2 29 51 74 18 28 36 33 48 60 68 41 43 52 55 64 69 84 15 56 0 8 97 99 101 12 58 76 82 9 14 40 70 89 96 67 71 98 24 87 19 46 47]
3	:ok	:read	[0 7 24 34 37 2 4 14 77 83 11 25 27 66 76 9 53 73 29 31 57 102 56 68 93 39 54 82 89 90 17 61 10 60 19 26 84 97 6 92 3 8 43 47 48 42 67 52 69 87 15 32 35 36 49 23 65 72 99 22 80 104 30 51 64 85 1 5 40 41 45 50 63 71 94 13 46 103 20 28 74 78 96 16 21 55 62 79 81 70 75 100 12 18 91 88 98 44 86 95 58 59 101 33 38]
2	:ok	:read	[11 85 1 28 8 48 74 44 50 78 84 3 46 68 93 0 39 45 26 29 79 32 41 60 75 6 15 47 100 17 18 66 102 31 53 89 43 24 40 54 71 81 88 99 10 20 73 86 91 9 34 33 57 97 104 7 19 35 52 65 2 25 30 58 82 90 12 23 64 56 67 16 95 69 92 13 22 72 27 42 62 63 36 61 83 94 21 59 49 87 5 4 55 77 38 96 80 101 103 51 70 76 98 14 37]
1	:ok	:read	[12 14 35 100 55 29 50 82 40 54 69 102 37 76 13 22 61 71 96 20 47 49 74 79 15 23 103 2 27 63 65 101 59 87 72 25 5 16 75 9 28 42 58 99 6 89 19 44 70 1 43 52 80 17 56 77 36 45 48 104 86 91 62 78 95 34 53 3 64 66 68 67 21 31 41 46 98 0 24 81 84 10 38 51 57 4 30 83 92 90 93 11 32 94 60 73 85 7 8 18 26 33 39 88 97]
